-5.19872540119832 -7.93353340291235
10.3146961230255 5.55570233019602
9.84678500926341 6.8412775495691
10.474519470699 -1.95090322016129
0.472515855577262 9.9144486137381
-0.0481832000910982 11.1715273358475
-7.24778194707144 1.30526192220052
-1.30526192220052 11.6922263915159
-2.56234064430993 11.1715273358475
9.47451947069897 -1.37355295097166
8.66199247835931 7.52531783622044
6.49350099031756 -9.23879532511287
-6.08761429008721 -7.04464451402346
6.13623540040939 -7.90546199177954
-7.6050475369796 2.63859525553385
-6.9765031789761 -7.93353340291235
-8.58111528040477 3.61466299895902
7.31469612302545 7.2877531377649
-9.9144486137381 3.97192858886719
-3.08303969997829 9.9144486137381
-11.2477819470714 3.61466299895902
6.43531088145364 6.23974261684736
6.43531088145364 4.87166204354468
-12.2238496904966 2.63859525553385
5.16016765698422 -6.92939424835437
3.82683432365089 -6.5721286584462
7.31469612302545 3.82365152262715
-12.5811152804048 1.30526192220052
-2.56234064430993 8.65736989162869
-6.08761429008721 -8.82242229180124
2.49350099031756 -6.92939424835437
-1.30526192220052 8.13667083596033
1.51743324689239 -7.90546199177954
1.16016765698423 -9.23879532511287
-12.2238496904966 -0.0280714111328126
-11.2477819470714 -1.00413915455798
1.51743324689239 -10.5721286584462
8.66199247835931 3.58608682417161
2.49350099031756 -11.5481964018714
-9.9144486137381 -1.36140474446615
-0.0481832000910984 8.65736989162869
-8.58111528040477 -1.00413915455798
3.82683432365089 -11.9054619917795
9.84678500926341 4.27012711082294
5.16016765698422 -11.5481964018714
-7.6050475369796 -0.0280714111328144
9.47451947069897 -2.52825348935091
6.13623540040939 -10.5721286584462
