-4.83227771233281 -8.20172254596956
10.2363584409018 5.98110530491216
9.811951761735 7.28729475445099
10.4822582365773 -1.91158628701373
-0.447431561785366 9.74927912181824
-0.968130617453726 11.0063578439277
-7.3127872608367 0.640702199807132
-2.22520933956314 11.527056899596
-3.48228806167256 11.0063578439277
9.48225823657732 -1.3342360178241
8.70084065062389 8.0945642300125
6.7145000978906 -9.14412623015813
7.32743178673524 8.0945642300125
-5.7211666012217 -7.31283365708067
6.35723450798244 -7.81079289682479
-7.67005285074486 1.97403553314047
-6.61005549011059 -8.20172254596956
-8.64612059417003 2.95010327656564
6.21632067562413 7.28729475445099
-9.97945392750336 3.3073688664738
-4.00298711734092 9.74927912181824
-11.3127872608367 2.95010327656564
5.79191399645734 5.98110530491216
6.21632067562413 4.67491585537333
-12.2888550042619 1.97403553314047
5.38116676455727 -6.83472515339962
4.04783343122394 -6.47745956349146
7.32743178673524 3.86764637981182
-12.64612059417 0.640702199807133
-3.48228806167256 8.49220039970882
-5.7211666012217 -9.09061143485845
2.7145000978906 -6.83472515339962
-2.22520933956314 7.97150134404046
1.73843235446543 -7.81079289682479
1.38116676455727 -9.14412623015813
-12.2888550042619 -0.6926311335262
-11.3127872608367 -1.66869887695137
1.73843235446543 -10.4774595634915
8.70084065062389 3.86764637981182
2.7145000978906 -11.4535273069166
-9.97945392750336 -2.02596446685953
-0.968130617453726 8.49220039970882
-8.64612059417003 -1.66869887695137
4.04783343122394 -11.8107928968248
9.811951761735 4.67491585537333
5.38116676455727 -11.4535273069166
-7.67005285074486 -0.692631133526202
9.48225823657732 -2.48893655620335
6.35723450798244 -10.4774595634915
